-17
-17
-17
-17
-17
-17
-17
-17
-17
-17
-17
-17
-17
-17
-17
-17
-2
-2
-2
-2
-2
-2
-2
-2
-2
-2
-2
-2
-2
-2
-2
-2
-1
-1
-1
-1
-1
-1
-1
-1
-1
-1
-1
-1
-1
-1
-1
-1
1
1
1
1
1
1
1
1
1
1
1
1
1
1
1
1
4
4
4
4
4
4
4
4
4
4
4
4
4
4
4
4
7
7
7
7
7
7
7
7
7
7
7
7
7
7
7
7
11
11
11
11
11
11
11
11
11
11
11
11
11
11
11
11
15
15
15
15
15
15
15
15
15
15
15
15
15
15
15
15
19
19
19
19
19
19
19
19
19
19
19
19
19
19
19
19
23
23
23
23
23
23
23
23
23
23
23
23
23
23
23
23
25
25
25
25
25
25
25
25
25
25
25
25
25
25
25
25
27
27
27
27
27
27
27
27
27
27
27
27
27
27
27
27
28
28
28
28
28
28
28
28
28
28
28
28
28
28
28
28
27
27
27
27
27
27
27
27
27
27
27
27
27
27
27
27
24
24
24
24
24
24
24
24
24
24
24
24
24
24
24
24
18
18
18
18
18
18
18
18
18
18
18
18
18
18
18
18
12
12
12
12
12
12
12
12
12
12
12
12
12
12
12
12
3
3
3
3
3
3
3
3
3
3
3
3
3
3
3
3
-6
-6
-6
-6
-6
-6
-6
-6
-6
-6
-6
-6
-6
-6
-6
-6
-17
-17
-17
-17
-17
-17
-17
-17
-17
-17
-17
-17
-17
-17
-17
-17
-27
-27
-27
-27
-27
-27
-27
-27
-27
-27
-27
-27
-27
-27
-27
-27
-36
-36
-36
-36
-36
-36
-36
-36
-36
-36
-36
-36
-36
-36
-36
-36
-44
-44
-44
-44
-44
-44
-44
-44
-44
-44
-44
-44
-44
-44
-44
-44
-49
-49
-49
-49
-49
-49
-49
-49
-49
-49
-49
-49
-49
-49
-49
-49
-51
-51
-51
-51
-51
-51
-51
-51
-51
-51
-51
-51
-51
-51
-51
-51
-50
-50
-50
-50
-50
-50
-50
-50
-50
-50
-50
-50
-50
-50
-50
-50
-45
-45
-45
-45
-45
-45
-45
-45
-45
-45
-45
-45
-45
-45
-45
-45
-36
-36
-36
-36
-36
-36
-36
-36
-36
-36
-36
-36
-36
-36
-36
-36
-23
-23
-23
-23
-23
-23
-23
-23
-23
-23
-23
-23
-23
-23
-23
-23
-7
-7
-7
-7
-7
-7
-7
-7
-7
-7
-7
-7
-7
-7
-7
-7
11
11
11
11
11
11
11
11
11
11
11
11
11
11
11
11
30
30
30
30
30
30
30
30
30
30
30
30
30
30
30
30
49
49
49
49
49
49
49
49
49
49
49
49
49
49
49
49
66
66
66
66
66
66
66
66
66
66
66
66
66
66
66
66
80
80
80
80
80
80
80
80
80
80
80
80
80
80
80
80
90
90
90
90
90
90
90
90
90
90
90
90
90
90
90
90
94
94
94
94
94
94
94
94
94
94
94
94
94
94
94
94
92
92
92
92
92
92
92
92
92
92
92
92
92
92
92
92
83
83
83
83
83
83
83
83
83
83
83
83
83
83
83
83
66
66
66
66
66
66
66
66
66
66
66
66
66
66
66
66
44
44
44
44
44
44
44
44
44
44
44
44
44
44
44
44
15
15
15
15
15
15
15
15
15
15
15
15
15
15
15
15
-17
-17
-17
-17
-17
-17
-17
-17
-17
-17
-17
-17
-17
-17
-17
-17
-50
-50
-50
-50
-50
-50
-50
-50
-50
-50
-50
-50
-50
-50
-50
-50
-84
-84
-84
-84
-84
-84
-84
-84
-84
-84
-84
-84
-84
-84
-84
-84
-114
-114
-114
-114
-114
-114
-114
-114
-114
-114
-114
-114
-114
-114
-114
-114
-139
-139
-139
-139
-139
-139
-139
-139
-139
-139
-139
-139
-139
-139
-139
-139
-156
-156
-156
-156
-156
-156
-156
-156
-156
-156
-156
-156
-156
-156
-156
-156
-164
-164
-164
-164
-164
-164
-164
-164
-164
-164
-164
-164
-164
-164
-164
-164
-160
-160
-160
-160
-160
-160
-160
-160
-160
-160
-160
-160
-160
-160
-160
-160
-144
-144
-144
-144
-144
-144
-144
-144
-144
-144
-144
-144
-144
-144
-144
-144
-116
-116
-116
-116
-116
-116
-116
-116
-116
-116
-116
-116
-116
-116
-116
-116
-77
-77
-77
-77
-77
-77
-77
-77
-77
-77
-77
-77
-77
-77
-77
-77
-28
-28
-28
-28
-28
-28
-28
-28
-28
-28
-28
-28
-28
-28
-28
-28
27
27
27
27
27
27
27
27
27
27
27
27
27
27
27
27
85
85
85
85
85
85
85
85
85
85
85
85
85
85
85
85
143
143
143
143
143
143
143
143
143
143
143
143
143
143
143
143
196
196
196
196
196
196
196
196
196
196
196
196
196
196
196
196
240
240
240
240
240
240
240
240
240
240
240
240
240
240
240
240
270
270
270
270
270
270
270
270
270
270
270
270
270
270
270
270
284
284
284
284
284
284
284
284
284
284
284
284
284
284
284
284
279
279
279
279
279
279
279
279
279
279
279
279
279
279
279
279
252
252
252
252
252
252
252
252
252
252
252
252
252
252
252
252
204
204
204
204
204
204
204
204
204
204
204
204
204
204
204
204
136
136
136
136
136
136
136
136
136
136
136
136
136
136
136
136
51
51
51
51
51
51
51
51
51
51
51
51
51
51
51
51
-47
-47
-47
-47
-47
-47
-47
-47
-47
-47
-47
-47
-47
-47
-47
-47
-154
-154
-154
-154
-154
-154
-154
-154
-154
-154
-154
-154
-154
-154
-154
-154
-261
-261
-261
-261
-261
-261
-261
-261
-261
-261
-261
-261
-261
-261
-261
-261
-362
-362
-362
-362
-362
-362
-362
-362
-362
-362
-362
-362
-362
-362
-362
-362
-448
-448
-448
-448
-448
-448
-448
-448
-448
-448
-448
-448
-448
-448
-448
-448
-513
-513
-513
-513
-513
-513
-513
-513
-513
-513
-513
-513
-513
-513
-513
-513
-548
-548
-548
-548
-548
-548
-548
-548
-548
-548
-548
-548
-548
-548
-548
-548
-547
-547
-547
-547
-547
-547
-547
-547
-547
-547
-547
-547
-547
-547
-547
-547
-505
-505
-505
-505
-505
-505
-505
-505
-505
-505
-505
-505
-505
-505
-505
-505
-418
-418
-418
-418
-418
-418
-418
-418
-418
-418
-418
-418
-418
-418
-418
-418
-286
-286
-286
-286
-286
-286
-286
-286
-286
-286
-286
-286
-286
-286
-286
-286
-109
-109
-109
-109
-109
-109
-109
-109
-109
-109
-109
-109
-109
-109
-109
-109
110
110
110
110
110
110
110
110
110
110
110
110
110
110
110
110
364
364
364
364
364
364
364
364
364
364
364
364
364
364
364
364
647
647
647
647
647
647
647
647
647
647
647
647
647
647
647
647
949
949
949
949
949
949
949
949
949
949
949
949
949
949
949
949
1259
1259
1259
1259
1259
1259
1259
1259
1259
1259
1259
1259
1259
1259
1259
1259
1566
1566
1566
1566
1566
1566
1566
1566
1566
1566
1566
1566
1566
1566
1566
1566
1857
1857
1857
1857
1857
1857
1857
1857
1857
1857
1857
1857
1857
1857
1857
1857
2121
2121
2121
2121
2121
2121
2121
2121
2121
2121
2121
2121
2121
2121
2121
2121
2347
2347
2347
2347
2347
2347
2347
2347
2347
2347
2347
2347
2347
2347
2347
2347
2526
2526
2526
2526
2526
2526
2526
2526
2526
2526
2526
2526
2526
2526
2526
2526
2649
2649
2649
2649
2649
2649
2649
2649
2649
2649
2649
2649
2649
2649
2649
2649
2712
2712
2712
2712
2712
2712
2712
2712
2712
2712
2712
2712
2712
2712
2712
2712
2712
2712
2712
2712
2712
2712
2712
2712
2712
2712
2712
2712
2712
2712
2712
2712
2649
2649
2649
2649
2649
2649
2649
2649
2649
2649
2649
2649
2649
2649
2649
2649
2526
2526
2526
2526
2526
2526
2526
2526
2526
2526
2526
2526
2526
2526
2526
2526
2347
2347
2347
2347
2347
2347
2347
2347
2347
2347
2347
2347
2347
2347
2347
2347
2121
2121
2121
2121
2121
2121
2121
2121
2121
2121
2121
2121
2121
2121
2121
2121
1857
1857
1857
1857
1857
1857
1857
1857
1857
1857
1857
1857
1857
1857
1857
1857
1566
1566
1566
1566
1566
1566
1566
1566
1566
1566
1566
1566
1566
1566
1566
1566
1259
1259
1259
1259
1259
1259
1259
1259
1259
1259
1259
1259
1259
1259
1259
1259
949
949
949
949
949
949
949
949
949
949
949
949
949
949
949
949
647
647
647
647
647
647
647
647
647
647
647
647
647
647
647
647
364
364
364
364
364
364
364
364
364
364
364
364
364
364
364
364
110
110
110
110
110
110
110
110
110
110
110
110
110
110
110
110
-109
-109
-109
-109
-109
-109
-109
-109
-109
-109
-109
-109
-109
-109
-109
-109
-286
-286
-286
-286
-286
-286
-286
-286
-286
-286
-286
-286
-286
-286
-286
-286
-418
-418
-418
-418
-418
-418
-418
-418
-418
-418
-418
-418
-418
-418
-418
-418
-505
-505
-505
-505
-505
-505
-505
-505
-505
-505
-505
-505
-505
-505
-505
-505
-547
-547
-547
-547
-547
-547
-547
-547
-547
-547
-547
-547
-547
-547
-547
-547
-548
-548
-548
-548
-548
-548
-548
-548
-548
-548
-548
-548
-548
-548
-548
-548
-513
-513
-513
-513
-513
-513
-513
-513
-513
-513
-513
-513
-513
-513
-513
-513
-448
-448
-448
-448
-448
-448
-448
-448
-448
-448
-448
-448
-448
-448
-448
-448
-362
-362
-362
-362
-362
-362
-362
-362
-362
-362
-362
-362
-362
-362
-362
-362
-261
-261
-261
-261
-261
-261
-261
-261
-261
-261
-261
-261
-261
-261
-261
-261
-154
-154
-154
-154
-154
-154
-154
-154
-154
-154
-154
-154
-154
-154
-154
-154
-47
-47
-47
-47
-47
-47
-47
-47
-47
-47
-47
-47
-47
-47
-47
-47
51
51
51
51
51
51
51
51
51
51
51
51
51
51
51
51
136
136
136
136
136
136
136
136
136
136
136
136
136
136
136
136
204
204
204
204
204
204
204
204
204
204
204
204
204
204
204
204
252
252
252
252
252
252
252
252
252
252
252
252
252
252
252
252
279
279
279
279
279
279
279
279
279
279
279
279
279
279
279
279
284
284
284
284
284
284
284
284
284
284
284
284
284
284
284
284
270
270
270
270
270
270
270
270
270
270
270
270
270
270
270
270
240
240
240
240
240
240
240
240
240
240
240
240
240
240
240
240
196
196
196
196
196
196
196
196
196
196
196
196
196
196
196
196
143
143
143
143
143
143
143
143
143
143
143
143
143
143
143
143
85
85
85
85
85
85
85
85
85
85
85
85
85
85
85
85
27
27
27
27
27
27
27
27
27
27
27
27
27
27
27
27
-28
-28
-28
-28
-28
-28
-28
-28
-28
-28
-28
-28
-28
-28
-28
-28
-77
-77
-77
-77
-77
-77
-77
-77
-77
-77
-77
-77
-77
-77
-77
-77
-116
-116
-116
-116
-116
-116
-116
-116
-116
-116
-116
-116
-116
-116
-116
-116
-144
-144
-144
-144
-144
-144
-144
-144
-144
-144
-144
-144
-144
-144
-144
-144
-160
-160
-160
-160
-160
-160
-160
-160
-160
-160
-160
-160
-160
-160
-160
-160
-164
-164
-164
-164
-164
-164
-164
-164
-164
-164
-164
-164
-164
-164
-164
-164
-156
-156
-156
-156
-156
-156
-156
-156
-156
-156
-156
-156
-156
-156
-156
-156
-139
-139
-139
-139
-139
-139
-139
-139
-139
-139
-139
-139
-139
-139
-139
-139
-114
-114
-114
-114
-114
-114
-114
-114
-114
-114
-114
-114
-114
-114
-114
-114
-84
-84
-84
-84
-84
-84
-84
-84
-84
-84
-84
-84
-84
-84
-84
-84
-50
-50
-50
-50
-50
-50
-50
-50
-50
-50
-50
-50
-50
-50
-50
-50
-17
-17
-17
-17
-17
-17
-17
-17
-17
-17
-17
-17
-17
-17
-17
-17
15
15
15
15
15
15
15
15
15
15
15
15
15
15
15
15
44
44
44
44
44
44
44
44
44
44
44
44
44
44
44
44
66
66
66
66
66
66
66
66
66
66
66
66
66
66
66
66
83
83
83
83
83
83
83
83
83
83
83
83
83
83
83
83
92
92
92
92
92
92
92
92
92
92
92
92
92
92
92
92
94
94
94
94
94
94
94
94
94
94
94
94
94
94
94
94
90
90
90
90
90
90
90
90
90
90
90
90
90
90
90
90
80
80
80
80
80
80
80
80
80
80
80
80
80
80
80
80
66
66
66
66
66
66
66
66
66
66
66
66
66
66
66
66
49
49
49
49
49
49
49
49
49
49
49
49
49
49
49
49
30
30
30
30
30
30
30
30
30
30
30
30
30
30
30
30
11
11
11
11
11
11
11
11
11
11
11
11
11
11
11
11
-7
-7
-7
-7
-7
-7
-7
-7
-7
-7
-7
-7
-7
-7
-7
-7
-23
-23
-23
-23
-23
-23
-23
-23
-23
-23
-23
-23
-23
-23
-23
-23
-36
-36
-36
-36
-36
-36
-36
-36
-36
-36
-36
-36
-36
-36
-36
-36
-45
-45
-45
-45
-45
-45
-45
-45
-45
-45
-45
-45
-45
-45
-45
-45
-50
-50
-50
-50
-50
-50
-50
-50
-50
-50
-50
-50
-50
-50
-50
-50
-51
-51
-51
-51
-51
-51
-51
-51
-51
-51
-51
-51
-51
-51
-51
-51
-49
-49
-49
-49
-49
-49
-49
-49
-49
-49
-49
-49
-49
-49
-49
-49
-44
-44
-44
-44
-44
-44
-44
-44
-44
-44
-44
-44
-44
-44
-44
-44
-36
-36
-36
-36
-36
-36
-36
-36
-36
-36
-36
-36
-36
-36
-36
-36
-27
-27
-27
-27
-27
-27
-27
-27
-27
-27
-27
-27
-27
-27
-27
-27
-17
-17
-17
-17
-17
-17
-17
-17
-17
-17
-17
-17
-17
-17
-17
-17
-6
-6
-6
-6
-6
-6
-6
-6
-6
-6
-6
-6
-6
-6
-6
-6
3
3
3
3
3
3
3
3
3
3
3
3
3
3
3
3
12
12
12
12
12
12
12
12
12
12
12
12
12
12
12
12
18
18
18
18
18
18
18
18
18
18
18
18
18
18
18
18
24
24
24
24
24
24
24
24
24
24
24
24
24
24
24
24
27
27
27
27
27
27
27
27
27
27
27
27
27
27
27
27
28
28
28
28
28
28
28
28
28
28
28
28
28
28
28
28
27
27
27
27
27
27
27
27
27
27
27
27
27
27
27
27
25
25
25
25
25
25
25
25
25
25
25
25
25
25
25
25
23
23
23
23
23
23
23
23
23
23
23
23
23
23
23
23
19
19
19
19
19
19
19
19
19
19
19
19
19
19
19
19
15
15
15
15
15
15
15
15
15
15
15
15
15
15
15
15
11
11
11
11
11
11
11
11
11
11
11
11
11
11
11
11
7
7
7
7
7
7
7
7
7
7
7
7
7
7
7
7
4
4
4
4
4
4
4
4
4
4
4
4
4
4
4
4
1
1
1
1
1
1
1
1
1
1
1
1
1
1
1
1
-1
-1
-1
-1
-1
-1
-1
-1
-1
-1
-1
-1
-1
-1
-1
-1
-2
-2
-2
-2
-2
-2
-2
-2
-2
-2
-2
-2
-2
-2
-2
-2
-17
-17
-17
-17
-17
-17
-17
-17
-17
-17
-17
-17
-17
-17
-17
-17
24
24
24
24
24
24
24
24
24
24
24
24
24
24
24
24
16
16
16
16
16
16
16
16
16
16
16
16
16
16
16
16
17
17
17
17
17
17
17
17
17
17
17
17
17
17
17
17
14
14
14
14
14
14
14
14
14
14
14
14
14
14
14
14
6
6
6
6
6
6
6
6
6
6
6
6
6
6
6
6
-4
-4
-4
-4
-4
-4
-4
-4
-4
-4
-4
-4
-4
-4
-4
-4
-16
-16
-16
-16
-16
-16
-16
-16
-16
-16
-16
-16
-16
-16
-16
-16
-26
-26
-26
-26
-26
-26
-26
-26
-26
-26
-26
-26
-26
-26
-26
-26
-33
-33
-33
-33
-33
-33
-33
-33
-33
-33
-33
-33
-33
-33
-33
-33
-32
-32
-32
-32
-32
-32
-32
-32
-32
-32
-32
-32
-32
-32
-32
-32
-25
-25
-25
-25
-25
-25
-25
-25
-25
-25
-25
-25
-25
-25
-25
-25
-12
-12
-12
-12
-12
-12
-12
-12
-12
-12
-12
-12
-12
-12
-12
-12
3
3
3
3
3
3
3
3
3
3
3
3
3
3
3
3
18
18
18
18
18
18
18
18
18
18
18
18
18
18
18
18
28
28
28
28
28
28
28
28
28
28
28
28
28
28
28
28
29
29
29
29
29
29
29
29
29
29
29
29
29
29
29
29
21
21
21
21
21
21
21
21
21
21
21
21
21
21
21
21
4
4
4
4
4
4
4
4
4
4
4
4
4
4
4
4
-17
-17
-17
-17
-17
-17
-17
-17
-17
-17
-17
-17
-17
-17
-17
-17
-36
-36
-36
-36
-36
-36
-36
-36
-36
-36
-36
-36
-36
-36
-36
-36
-49
-49
-49
-49
-49
-49
-49
-49
-49
-49
-49
-49
-49
-49
-49
-49
-50
-50
-50
-50
-50
-50
-50
-50
-50
-50
-50
-50
-50
-50
-50
-50
-38
-38
-38
-38
-38
-38
-38
-38
-38
-38
-38
-38
-38
-38
-38
-38
-15
-15
-15
-15
-15
-15
-15
-15
-15
-15
-15
-15
-15
-15
-15
-15
15
15
15
15
15
15
15
15
15
15
15
15
15
15
15
15
42
42
42
42
42
42
42
42
42
42
42
42
42
42
42
42
60
60
60
60
60
60
60
60
60
60
60
60
60
60
60
60
62
62
62
62
62
62
62
62
62
62
62
62
62
62
62
62
47
47
47
47
47
47
47
47
47
47
47
47
47
47
47
47
16
16
16
16
16
16
16
16
16
16
16
16
16
16
16
16
-23
-23
-23
-23
-23
-23
-23
-23
-23
-23
-23
-23
-23
-23
-23
-23
-59
-59
-59
-59
-59
-59
-59
-59
-59
-59
-59
-59
-59
-59
-59
-59
-83
-83
-83
-83
-83
-83
-83
-83
-83
-83
-83
-83
-83
-83
-83
-83
-87
-87
-87
-87
-87
-87
-87
-87
-87
-87
-87
-87
-87
-87
-87
-87
-66
-66
-66
-66
-66
-66
-66
-66
-66
-66
-66
-66
-66
-66
-66
-66
-25
-25
-25
-25
-25
-25
-25
-25
-25
-25
-25
-25
-25
-25
-25
-25
26
26
26
26
26
26
26
26
26
26
26
26
26
26
26
26
75
75
75
75
75
75
75
75
75
75
75
75
75
75
75
75
107
107
107
107
107
107
107
107
107
107
107
107
107
107
107
107
112
112
112
112
112
112
112
112
112
112
112
112
112
112
112
112
85
85
85
85
85
85
85
85
85
85
85
85
85
85
85
85
32
32
32
32
32
32
32
32
32
32
32
32
32
32
32
32
-35
-35
-35
-35
-35
-35
-35
-35
-35
-35
-35
-35
-35
-35
-35
-35
-98
-98
-98
-98
-98
-98
-98
-98
-98
-98
-98
-98
-98
-98
-98
-98
-140
-140
-140
-140
-140
-140
-140
-140
-140
-140
-140
-140
-140
-140
-140
-140
-147
-147
-147
-147
-147
-147
-147
-147
-147
-147
-147
-147
-147
-147
-147
-147
-113
-113
-113
-113
-113
-113
-113
-113
-113
-113
-113
-113
-113
-113
-113
-113
-44
-44
-44
-44
-44
-44
-44
-44
-44
-44
-44
-44
-44
-44
-44
-44
43
43
43
43
43
43
43
43
43
43
43
43
43
43
43
43
126
126
126
126
126
126
126
126
126
126
126
126
126
126
126
126
181
181
181
181
181
181
181
181
181
181
181
181
181
181
181
181
190
190
190
190
190
190
190
190
190
190
190
190
190
190
190
190
146
146
146
146
146
146
146
146
146
146
146
146
146
146
146
146
57
57
57
57
57
57
57
57
57
57
57
57
57
57
57
57
-56
-56
-56
-56
-56
-56
-56
-56
-56
-56
-56
-56
-56
-56
-56
-56
-164
-164
-164
-164
-164
-164
-164
-164
-164
-164
-164
-164
-164
-164
-164
-164
-236
-236
-236
-236
-236
-236
-236
-236
-236
-236
-236
-236
-236
-236
-236
-236
-248
-248
-248
-248
-248
-248
-248
-248
-248
-248
-248
-248
-248
-248
-248
-248
-191
-191
-191
-191
-191
-191
-191
-191
-191
-191
-191
-191
-191
-191
-191
-191
-75
-75
-75
-75
-75
-75
-75
-75
-75
-75
-75
-75
-75
-75
-75
-75
73
73
73
73
73
73
73
73
73
73
73
73
73
73
73
73
216
216
216
216
216
216
216
216
216
216
216
216
216
216
216
216
312
312
312
312
312
312
312
312
312
312
312
312
312
312
312
312
329
329
329
329
329
329
329
329
329
329
329
329
329
329
329
329
255
255
255
255
255
255
255
255
255
255
255
255
255
255
255
255
101
101
101
101
101
101
101
101
101
101
101
101
101
101
101
101
-99
-99
-99
-99
-99
-99
-99
-99
-99
-99
-99
-99
-99
-99
-99
-99
-293
-293
-293
-293
-293
-293
-293
-293
-293
-293
-293
-293
-293
-293
-293
-293
-426
-426
-426
-426
-426
-426
-426
-426
-426
-426
-426
-426
-426
-426
-426
-426
-452
-452
-452
-452
-452
-452
-452
-452
-452
-452
-452
-452
-452
-452
-452
-452
-353
-353
-353
-353
-353
-353
-353
-353
-353
-353
-353
-353
-353
-353
-353
-353
-140
-140
-140
-140
-140
-140
-140
-140
-140
-140
-140
-140
-140
-140
-140
-140
141
141
141
141
141
141
141
141
141
141
141
141
141
141
141
141
421
421
421
421
421
421
421
421
421
421
421
421
421
421
421
421
620
620
620
620
620
620
620
620
620
620
620
620
620
620
620
620
669
669
669
669
669
669
669
669
669
669
669
669
669
669
669
669
532
532
532
532
532
532
532
532
532
532
532
532
532
532
532
532
214
214
214
214
214
214
214
214
214
214
214
214
214
214
214
214
-225
-225
-225
-225
-225
-225
-225
-225
-225
-225
-225
-225
-225
-225
-225
-225
-687
-687
-687
-687
-687
-687
-687
-687
-687
-687
-687
-687
-687
-687
-687
-687
-1045
-1045
-1045
-1045
-1045
-1045
-1045
-1045
-1045
-1045
-1045
-1045
-1045
-1045
-1045
-1045
-1175
-1175
-1175
-1175
-1175
-1175
-1175
-1175
-1175
-1175
-1175
-1175
-1175
-1175
-1175
-1175
-981
-981
-981
-981
-981
-981
-981
-981
-981
-981
-981
-981
-981
-981
-981
-981
-419
-419
-419
-419
-419
-419
-419
-419
-419
-419
-419
-419
-419
-419
-419
-419
486
486
486
486
486
486
486
486
486
486
486
486
486
486
486
486
1638
1638
1638
1638
1638
1638
1638
1638
1638
1638
1638
1638
1638
1638
1638
1638
2886
2886
2886
2886
2886
2886
2886
2886
2886
2886
2886
2886
2886
2886
2886
2886
4049
4049
4049
4049
4049
4049
4049
4049
4049
4049
4049
4049
4049
4049
4049
4049
4947
4947
4947
4947
4947
4947
4947
4947
4947
4947
4947
4947
4947
4947
4947
4947
5435
5435
5435
5435
5435
5435
5435
5435
5435
5435
5435
5435
5435
5435
5435
5435
5435
5435
5435
5435
5435
5435
5435
5435
5435
5435
5435
5435
5435
5435
5435
5435
4947
4947
4947
4947
4947
4947
4947
4947
4947
4947
4947
4947
4947
4947
4947
4947
4049
4049
4049
4049
4049
4049
4049
4049
4049
4049
4049
4049
4049
4049
4049
4049
2886
2886
2886
2886
2886
2886
2886
2886
2886
2886
2886
2886
2886
2886
2886
2886
1638
1638
1638
1638
1638
1638
1638
1638
1638
1638
1638
1638
1638
1638
1638
1638
486
486
486
486
486
486
486
486
486
486
486
486
486
486
486
486
-419
-419
-419
-419
-419
-419
-419
-419
-419
-419
-419
-419
-419
-419
-419
-419
-981
-981
-981
-981
-981
-981
-981
-981
-981
-981
-981
-981
-981
-981
-981
-981
-1175
-1175
-1175
-1175
-1175
-1175
-1175
-1175
-1175
-1175
-1175
-1175
-1175
-1175
-1175
-1175
-1045
-1045
-1045
-1045
-1045
-1045
-1045
-1045
-1045
-1045
-1045
-1045
-1045
-1045
-1045
-1045
-687
-687
-687
-687
-687
-687
-687
-687
-687
-687
-687
-687
-687
-687
-687
-687
-225
-225
-225
-225
-225
-225
-225
-225
-225
-225
-225
-225
-225
-225
-225
-225
214
214
214
214
214
214
214
214
214
214
214
214
214
214
214
214
532
532
532
532
532
532
532
532
532
532
532
532
532
532
532
532
669
669
669
669
669
669
669
669
669
669
669
669
669
669
669
669
620
620
620
620
620
620
620
620
620
620
620
620
620
620
620
620
421
421
421
421
421
421
421
421
421
421
421
421
421
421
421
421
141
141
141
141
141
141
141
141
141
141
141
141
141
141
141
141
-140
-140
-140
-140
-140
-140
-140
-140
-140
-140
-140
-140
-140
-140
-140
-140
-353
-353
-353
-353
-353
-353
-353
-353
-353
-353
-353
-353
-353
-353
-353
-353
-452
-452
-452
-452
-452
-452
-452
-452
-452
-452
-452
-452
-452
-452
-452
-452
-426
-426
-426
-426
-426
-426
-426
-426
-426
-426
-426
-426
-426
-426
-426
-426
-293
-293
-293
-293
-293
-293
-293
-293
-293
-293
-293
-293
-293
-293
-293
-293
-99
-99
-99
-99
-99
-99
-99
-99
-99
-99
-99
-99
-99
-99
-99
-99
101
101
101
101
101
101
101
101
101
101
101
101
101
101
101
101
255
255
255
255
255
255
255
255
255
255
255
255
255
255
255
255
329
329
329
329
329
329
329
329
329
329
329
329
329
329
329
329
312
312
312
312
312
312
312
312
312
312
312
312
312
312
312
312
216
216
216
216
216
216
216
216
216
216
216
216
216
216
216
216
73
73
73
73
73
73
73
73
73
73
73
73
73
73
73
73
-75
-75
-75
-75
-75
-75
-75
-75
-75
-75
-75
-75
-75
-75
-75
-75
-191
-191
-191
-191
-191
-191
-191
-191
-191
-191
-191
-191
-191
-191
-191
-191
-248
-248
-248
-248
-248
-248
-248
-248
-248
-248
-248
-248
-248
-248
-248
-248
-236
-236
-236
-236
-236
-236
-236
-236
-236
-236
-236
-236
-236
-236
-236
-236
-164
-164
-164
-164
-164
-164
-164
-164
-164
-164
-164
-164
-164
-164
-164
-164
-56
-56
-56
-56
-56
-56
-56
-56
-56
-56
-56
-56
-56
-56
-56
-56
57
57
57
57
57
57
57
57
57
57
57
57
57
57
57
57
146
146
146
146
146
146
146
146
146
146
146
146
146
146
146
146
190
190
190
190
190
190
190
190
190
190
190
190
190
190
190
190
181
181
181
181
181
181
181
181
181
181
181
181
181
181
181
181
126
126
126
126
126
126
126
126
126
126
126
126
126
126
126
126
43
43
43
43
43
43
43
43
43
43
43
43
43
43
43
43
-44
-44
-44
-44
-44
-44
-44
-44
-44
-44
-44
-44
-44
-44
-44
-44
-113
-113
-113
-113
-113
-113
-113
-113
-113
-113
-113
-113
-113
-113
-113
-113
-147
-147
-147
-147
-147
-147
-147
-147
-147
-147
-147
-147
-147
-147
-147
-147
-140
-140
-140
-140
-140
-140
-140
-140
-140
-140
-140
-140
-140
-140
-140
-140
-98
-98
-98
-98
-98
-98
-98
-98
-98
-98
-98
-98
-98
-98
-98
-98
-35
-35
-35
-35
-35
-35
-35
-35
-35
-35
-35
-35
-35
-35
-35
-35
32
32
32
32
32
32
32
32
32
32
32
32
32
32
32
32
85
85
85
85
85
85
85
85
85
85
85
85
85
85
85
85
112
112
112
112
112
112
112
112
112
112
112
112
112
112
112
112
107
107
107
107
107
107
107
107
107
107
107
107
107
107
107
107
75
75
75
75
75
75
75
75
75
75
75
75
75
75
75
75
26
26
26
26
26
26
26
26
26
26
26
26
26
26
26
26
-25
-25
-25
-25
-25
-25
-25
-25
-25
-25
-25
-25
-25
-25
-25
-25
-66
-66
-66
-66
-66
-66
-66
-66
-66
-66
-66
-66
-66
-66
-66
-66
-87
-87
-87
-87
-87
-87
-87
-87
-87
-87
-87
-87
-87
-87
-87
-87
-83
-83
-83
-83
-83
-83
-83
-83
-83
-83
-83
-83
-83
-83
-83
-83
-59
-59
-59
-59
-59
-59
-59
-59
-59
-59
-59
-59
-59
-59
-59
-59
-23
-23
-23
-23
-23
-23
-23
-23
-23
-23
-23
-23
-23
-23
-23
-23
16
16
16
16
16
16
16
16
16
16
16
16
16
16
16
16
47
47
47
47
47
47
47
47
47
47
47
47
47
47
47
47
62
62
62
62
62
62
62
62
62
62
62
62
62
62
62
62
60
60
60
60
60
60
60
60
60
60
60
60
60
60
60
60
42
42
42
42
42
42
42
42
42
42
42
42
42
42
42
42
15
15
15
15
15
15
15
15
15
15
15
15
15
15
15
15
-15
-15
-15
-15
-15
-15
-15
-15
-15
-15
-15
-15
-15
-15
-15
-15
-38
-38
-38
-38
-38
-38
-38
-38
-38
-38
-38
-38
-38
-38
-38
-38
-50
-50
-50
-50
-50
-50
-50
-50
-50
-50
-50
-50
-50
-50
-50
-50
-49
-49
-49
-49
-49
-49
-49
-49
-49
-49
-49
-49
-49
-49
-49
-49
-36
-36
-36
-36
-36
-36
-36
-36
-36
-36
-36
-36
-36
-36
-36
-36
-17
-17
-17
-17
-17
-17
-17
-17
-17
-17
-17
-17
-17
-17
-17
-17
4
4
4
4
4
4
4
4
4
4
4
4
4
4
4
4
21
21
21
21
21
21
21
21
21
21
21
21
21
21
21
21
29
29
29
29
29
29
29
29
29
29
29
29
29
29
29
29
28
28
28
28
28
28
28
28
28
28
28
28
28
28
28
28
18
18
18
18
18
18
18
18
18
18
18
18
18
18
18
18
3
3
3
3
3
3
3
3
3
3
3
3
3
3
3
3
-12
-12
-12
-12
-12
-12
-12
-12
-12
-12
-12
-12
-12
-12
-12
-12
-25
-25
-25
-25
-25
-25
-25
-25
-25
-25
-25
-25
-25
-25
-25
-25
-32
-32
-32
-32
-32
-32
-32
-32
-32
-32
-32
-32
-32
-32
-32
-32
-33
-33
-33
-33
-33
-33
-33
-33
-33
-33
-33
-33
-33
-33
-33
-33
-26
-26
-26
-26
-26
-26
-26
-26
-26
-26
-26
-26
-26
-26
-26
-26
-16
-16
-16
-16
-16
-16
-16
-16
-16
-16
-16
-16
-16
-16
-16
-16
-4
-4
-4
-4
-4
-4
-4
-4
-4
-4
-4
-4
-4
-4
-4
-4
6
6
6
6
6
6
6
6
6
6
6
6
6
6
6
6
14
14
14
14
14
14
14
14
14
14
14
14
14
14
14
14
17
17
17
17
17
17
17
17
17
17
17
17
17
17
17
17
16
16
16
16
16
16
16
16
16
16
16
16
16
16
16
16
24
24
24
24
24
24
24
24
24
24
24
24
24
24
24
24
